particles: (0.533101, 0.504430), (0.000000, -0.004000)
particles: (0.597367, 0.494917), (-38.389426, -37.935437)
particles: (0.501608, 0.515864), (0.000000, -0.004000)
particles: (0.592870, 0.423583), (-4.668282, -5.216813)
particles: (0.559219, 0.414969), (58.350083, 52.525704)
particles: (0.569829, 0.445593), (-79.035633, -79.040968)
particles: (0.552361, 0.428675), (21.716346, 30.945201)
particles: (0.616501, 0.522267), (-9.045565, -8.988259)
particles: (0.584886, 0.471831), (11.851405, 11.708808)
particles: (0.567507, 0.393016), (39.221072, 35.969765)
particles: (0.408868, 0.572596), (0.628173, -1.170738)
particles: (0.498841, 0.592120), (17.277397, 16.294199)
particles: (0.434114, 0.595032), (-3.675414, -3.687692)
particles: (0.387440, 0.590815), (3.047241, 4.846430)
particles: (0.404921, 0.729828), (-0.000000, -0.004000)
particles: (0.505256, 0.653119), (99.769755, 104.969337)
particles: (0.417365, 0.668022), (-0.000000, -0.004000)
particles: (0.453886, 0.672008), (0.000000, -0.004000)
particles: (0.524646, 0.647923), (-99.769755, -104.977337)
particles: (0.493244, 0.616640), (-17.277397, -16.302199)
particles: (0.593177, 0.854279), (-0.945927, -0.022636)
particles: (0.612654, 0.834037), (0.945927, 0.014636)
particles: (0.526393, 0.815330), (0.000000, -0.004000)
particles: (0.617044, 0.899236), (-0.000000, -0.004000)
particles: (0.621892, 0.781161), (0.000000, -0.004000)
particles: (0.480906, 0.851350), (-286.248802, -280.903088) X
particles: (0.576116, 0.800754), (-0.000000, -0.004000)
particles: (0.525823, 0.912437), (0.000000, -0.004000) X
particles: (0.473204, 0.780267), (0.000000, -0.004000)
particles: (0.482958, 0.846041), (286.248802, 280.895088) X

