>particles: (0.533101, 0.504430), (0.000000, -0.006000)
>particles: (0.596399, 0.493810), (-96.747150, -110.618093)
>particles: (0.501608, 0.515863), (0.000000, -0.006000)
>particles: (0.592690, 0.423425), (-18.052221, -15.833944)
>particles: (0.560268, 0.410311), (104.923260, -465.783044)
>particles: (0.566704, 0.445826), (-312.472298, 23.326247)
>particles: (0.555256, 0.432307), (289.514787, 363.188616)
>particles: (0.616282, 0.522049), (-21.907634, -21.755712)
>particles: (0.585370, 0.472657), (48.407110, 82.598245)
>particles: (0.567571, 0.394464), (6.334146, 144.829685)
>particles: (0.408885, 0.572580), (1.711503, -1.612188)
>particles: (0.499360, 0.592615), (51.930971, 49.480905)
>particles: (0.434006, 0.594923), (-10.880518, -10.903903)
>particles: (0.387532, 0.590940), (9.169015, 12.498091)
>particles: (0.404921, 0.729828), (0.000000, -0.006000)
>particles: (0.507468, 0.655383), (221.205894, 226.439417)
>particles: (0.417365, 0.668022), (0.000000, -0.006000)
>particles: (0.453886, 0.672008), (0.000000, -0.006000)
>particles: (0.522434, 0.645659), (-221.205894, -226.451417)
>particles: (0.492725, 0.616145), (-51.930971, -49.492905)
>particles: (0.593155, 0.854274), (-2.212283, -0.479977)
>particles: (0.612676, 0.834041), (2.212283, 0.467977)
>particles: (0.526393, 0.815330), (0.000000, -0.006000)
>particles: (0.617044, 0.899236), (0.000000, -0.006000)
>particles: (0.621892, 0.781161), (-0.000000, -0.006000)
>particles: (-188.596984, 290.440135), (-18907789.044952, 28958878.504657) X
>particles: (0.576116, 0.800754), (-0.000000, -0.006000)
>particles: (-nan, -nan), (-nan, -nan) X
>particles: (0.473204, 0.780267), (-0.000000, -0.006000)
>particles: (189.560848, -288.742744), (18907789.044952, -28958878.516657) X

